20.9979 1
85.7914 0
46.9953 1
20.298 1
68.2932 0
61.2939 0
72.4928 0
74.6925 0
60.194 0
38.6961 1
54.6945 1
75.5924 0
74.5925 0
51.4949 1
53.5946 1
50.6949 1
53.6946 1
39.3961 1
0.39996 1
70.293 0
46.7953 1
2.69973 1
14.0986 1
68.9931 0
6.39936 1
76.9923 0
18.2982 1
60.7939 0
44.7955 1
10.099 1
24.1976 1
71.0929 0
11.0989 1
76.3924 0
1.39986 1
84.5915 0
47.7952 1
79.0921 0
69.2931 0
23.1977 1
33.0967 1
39.1961 1
8.89911 1
22.8977 1
0.69993 1
67.6932 0
73.5926 0
54.3946 1
22.2978 1
79.1921 0
39.896 1
69.0931 0
87.1913 0
54.0946 1
53.3947 1
3.59964 1
46.2954 1
71.6928 0
69.693 0
1.19988 1
86.9913 0
9.09909 1
72.2928 0
13.2987 1
85.4915 0
78.8921 0
7.89921 1
48.4952 1
68.0932 0
82.3918 0
76.9923 0
11.1989 1
31.5968 1
85.8914 0
34.0966 1
32.2968 1
63.5936 0
22.8977 1
1.89981 1
1.09989 1
17.2983 1
47.0953 1
70.293 0
14.4986 1
16.3984 1
38.8961 1
23.3977 1
62.6937 0
20.5979 1
3.09969 1
69.0931 0
22.8977 1
12.1988 1
51.3949 1
41.3959 1
12.8987 1
45.5954 1
49.3951 1
66.6933 0
23.6976 1
41.7958 1
53.6946 1
40.096 1
78.6921 0
54.7945 1
74.1926 0
26.1974 1
33.5966 1
12.2988 1
33.3967 1
34.6965 1
29.597 1
80.492 0
20.198 1
44.1956 1
6.89931 1
59.0941 1
72.7927 0
69.593 0
84.9915 0
75.8924 0
48.7951 1
17.8982 1
3.29967 1
15.3985 1
64.4936 0
21.3979 1
60.9939 0
23.8976 1
3.29967 1
89.891 0
70.9929 0
56.9943 1
39.996 1
64.8935 0
21.7978 1
29.3971 1
1.09989 1
60.5939 0
41.6958 1
34.4966 1
5.39946 1
71.3929 0
30.197 1
25.5974 1
30.7969 1
37.0963 1
0 1
13.5986 1
21.9978 1
84.9915 0
4.69953 1
70.7929 0
18.0982 1
13.1987 1
1.39986 1
82.5917 0
39.796 1
67.6932 0
16.5983 1
43.1957 1
67.5932 0
2.79972 1
10.199 1
17.6982 1
67.6932 0
37.2963 1
52.2948 1
73.9926 0
7.89921 1
4.09959 1
18.5981 1
18.4982 1
80.6919 0
48.7951 1
49.3951 1
21.4979 1
1.19988 1
49.3951 1
40.296 1
23.1977 1
44.3956 1
50.195 1
9.19908 1
62.4938 0
63.3937 0
15.7984 1
60.294 0
13.1987 1
83.4917 0
76.8923 0
56.3944 1
66.3934 0
84.8915 0
71.8928 0
89.2911 0
67.7932 0
24.3976 1
51.5948 1
51.8948 1
37.4963 1
55.6944 1
70.493 0
56.0944 1
46.3954 1
34.4966 1
15.4985 1
73.0927 0
35.6964 1
70.093 0
28.5971 1
58.8941 1
24.4976 1
78.7921 0
73.2927 0
2.19978 1
57.3943 1
89.1911 0
62.4938 0
70.6929 0
82.6917 0
54.6945 1
42.2958 1
59.0941 1
49.595 1
29.3971 1
58.3942 1
27.4973 1
53.7946 1
20.098 1
84.5915 0
6.59934 1
80.9919 0
65.0935 0
67.8932 0
42.6957 1
9.59904 1
88.5911 0
25.7974 1
50.5949 1
68.6931 0
54.4946 1
24.6975 1
8.39916 1
48.4952 1
8.09919 1
10.5989 1
15.9984 1
7.29927 1
78.2922 0
1.89981 1
0 1
42.9957 1
44.1956 1
64.3936 0
7.89921 1
78.8921 0
37.9962 1
40.5959 1
47.8952 1
63.2937 0
35.1965 1
54.4946 1
54.3946 1
15.4985 1
32.3968 1
7.09929 1
30.297 1
30.9969 1
38.0962 1
80.8919 0
9.69903 1
2.59974 1
15.6984 1
23.2977 1
51.1949 1
28.9971 1
33.8966 1
72.3928 0
36.2964 1
22.2978 1
74.2926 0
41.4959 1
70.493 0
33.6966 1
21.0979 1
83.5916 0
22.5977 1
59.1941 1
39.3961 1
70.5929 0
32.4968 1
74.5925 0
40.296 1
2.09979 1
5.29947 1
72.7927 0
14.3986 1
35.6964 1
18.9981 1
52.5947 1
31.7968 1
33.9966 1
60.394 0
52.6947 1
57.2943 1
26.7973 1
81.6918 0
6.49935 1
9.19908 1
33.1967 1
33.9966 1
83.4917 0
79.992 0
14.4986 1
27.2973 1
11.0989 1
13.3987 1
49.895 1
70.293 0
52.7947 1
35.6964 1
18.0982 1
42.6957 1
76.0924 0
20.198 1
47.9952 1
64.0936 0
34.6965 1
88.8911 0
83.0917 0
2.49975 1
35.9964 1
32.2968 1
62.8937 0
3.89961 1
89.691 0
89.791 0
85.6914 0
6.19938 1
8.9991 1
34.0966 1
45.3955 1
7.79922 1
24.0976 1
59.894 1
35.0965 1
35.2965 1
78.4922 0
0.19998 1
20.7979 1
41.3959 1
35.9964 1
44.0956 1
89.2911 0
27.2973 1
69.593 0
52.4948 1
1.39986 1
14.2986 1
51.4949 1
89.691 0
21.9978 1
2.69973 1
37.2963 1
84.8915 0
6.59934 1
36.9963 1
84.6915 0
7.49925 1
48.3952 1
8.9991 1
41.6958 1
8.9991 1
16.7983 1
70.9929 0
68.8931 0
57.0943 1
16.2984 1
62.6937 0
57.2943 1
42.3958 1
14.0986 1
8.49915 1
86.4914 0
13.3987 1
40.9959 1
66.0934 0
65.8934 0
47.5952 1
85.5914 0
32.5967 1
52.5947 1
17.5982 1
40.496 1
89.891 0
17.7982 1
47.1953 1
42.0958 1
12.4988 1
54.6945 1
5.69943 1
26.6973 1
11.5988 1
14.6985 1
48.6951 1
82.6917 0
88.7911 0
15.7984 1
14.1986 1
61.4939 0
78.3922 0
56.5943 1
80.7919 0
2.09979 1
58.3942 1
9.39906 1
43.1957 1
34.4966 1
75.3925 0
0.79992 1
30.197 1
23.1977 1
58.5941 1
52.9947 1
63.7936 0
58.4942 1
70.7929 0
26.1974 1
10.5989 1
88.5911 0
86.0914 0
16.2984 1
30.497 1
7.79922 1
36.1964 1
79.2921 0
5.69943 1
35.0965 1
10.299 1
25.0975 1
6.59934 1
88.6911 0
86.9913 0
2.69973 1
0.89991 1
55.3945 1
12.0988 1
49.2951 1
5.09949 1
87.4913 0
55.2945 1
40.496 1
25.9974 1
23.9976 1
3.59964 1
4.9995 1
87.6912 0
74.3926 0
31.1969 1
8.39916 1
78.1922 0
27.2973 1
29.897 1
18.7981 1
40.296 1
66.1934 0
8.09919 1
51.1949 1
16.4984 1
18.3982 1
76.3924 0
23.0977 1
22.3978 1
73.3927 0
30.9969 1
28.4972 1
43.9956 1
43.1957 1
77.7922 0
49.0951 1
45.8954 1
48.2952 1
89.691 0
71.8928 0
77.4923 0
3.29967 1
82.0918 0
75.2925 0
82.8917 0
23.2977 1
88.8911 0
76.3924 0
55.8944 1
28.7971 1
5.19948 1
6.19938 1
10.199 1
18.4982 1
62.6937 0
26.6973 1
36.8963 1
49.0951 1
55.0945 1
64.4936 0
37.6962 1
86.0914 0
2.9997 1
81.6918 0
39.2961 1
85.9914 0
40.7959 1
85.2915 0
49.595 1
40.496 1
72.3928 0
37.0963 1
48.9951 1
64.5935 0
27.5972 1
47.1953 1
3.09969 1
26.4974 1
33.5966 1
58.9941 1
55.3945 1
38.7961 1
70.493 0
70.7929 0
57.2943 1
43.1957 1
7.59924 1
9.39906 1
7.49925 1
67.8932 0
73.9926 0
45.1955 1
63.9936 0
82.1918 0
42.0958 1
18.5981 1
78.2922 0
82.8917 0
19.0981 1
43.0957 1
38.6961 1
1.49985 1
80.192 0
2.89971 1
71.2929 0
17.8982 1
50.095 1
74.4926 0
44.3956 1
83.6916 0
48.6951 1
14.9985 1
37.6962 1
29.1971 1
85.8914 0
4.9995 1
77.5922 0
8.69913 1
19.698 1
85.0915 0
81.7918 0
8.89911 1
45.4955 1
60.9939 0
1.09989 1
87.5912 0
79.592 0
84.5915 0
85.7914 0
13.8986 1
37.6962 1
39.696 1
15.4985 1
33.1967 1
42.5957 1
1.9998 1
51.0949 1
2.79972 1
76.4924 0
10.6989 1
1.69983 1
35.2965 1
30.9969 1
39.4961 1
69.693 0
32.0968 1
49.695 1
57.3943 1
40.7959 1
69.3931 0
57.6942 1
37.7962 1
83.4917 0
18.4982 1
8.79912 1
89.891 0
16.0984 1
88.4912 0
89.691 0
17.0983 1
12.3988 1
42.6957 1
56.7943 1
33.0967 1
75.8924 0
9.49905 1
35.1965 1
42.1958 1
17.4983 1
26.8973 1
58.0942 1
19.1981 1
62.1938 0
89.0911 0
63.8936 0
47.1953 1
31.1969 1
23.6976 1
19.798 1
77.1923 0
8.29917 1
77.4923 0
24.9975 1
1.89981 1
11.1989 1
33.8966 1
6.9993 1
27.3973 1
37.5962 1
6.69933 1
49.695 1
55.1945 1
49.3951 1
16.5983 1
3.59964 1
35.2965 1
31.2969 1
43.9956 1
82.6917 0
53.9946 1
70.8929 0
50.8949 1
73.1927 0
48.3952 1
55.1945 1
47.1953 1
5.59944 1
86.4914 0
76.0924 0
25.3975 1
78.8921 0
84.3916 0
18.0982 1
19.1981 1
1.49985 1
29.3971 1
58.2942 1
8.49915 1
61.9938 0
5.89941 1
20.498 1
21.6978 1
66.2934 0
69.893 0
43.4957 1
69.893 0
20.498 1
79.992 0
23.8976 1
18.3982 1
43.9956 1
4.89951 1
69.2931 0
27.2973 1
58.4942 1
34.5965 1
79.692 0
64.0936 0
36.2964 1
70.9929 0
4.69953 1
25.1975 1
65.3935 0
22.7977 1
44.3956 1
72.1928 0
57.3943 1
12.6987 1
85.8914 0
29.3971 1
23.7976 1
16.3984 1
56.3944 1
0.19998 1
1.59984 1
15.0985 1
75.2925 0
27.2973 1
5.19948 1
14.4986 1
45.6954 1
49.1951 1
24.5975 1
25.0975 1
81.6918 0
83.0917 0
64.8935 0
71.3929 0
62.3938 0
11.1989 1
52.3948 1
67.0933 0
41.5958 1
33.0967 1
5.09949 1
1.29987 1
20.498 1
62.5937 0
13.9986 1
21.5978 1
7.19928 1
43.0957 1
43.2957 1
68.7931 0
48.4952 1
44.8955 1
83.9916 0
33.7966 1
72.1928 0
89.1911 0
53.4947 1
33.0967 1
53.5946 1
78.0922 0
63.3937 0
45.3955 1
71.1929 0
38.2962 1
26.7973 1
43.5956 1
54.6945 1
84.4916 0
25.8974 1
6.39936 1
32.7967 1
31.0969 1
7.69923 1
58.4942 1
8.89911 1
26.8973 1
80.092 0
21.2979 1
75.1925 0
33.3967 1
5.39946 1
33.6966 1
83.4917 0
4.59954 1
72.7927 0
65.6934 0
8.9991 1
36.2964 1
14.0986 1
62.5937 0
24.4976 1
77.4923 0
17.9982 1
10.8989 1
25.8974 1
50.095 1
59.794 1
85.7914 0
49.795 1
0.89991 1
2.19978 1
82.5917 0
37.1963 1
15.0985 1
56.2944 1
51.2949 1
47.2953 1
46.3954 1
72.6927 0
32.4968 1
79.892 0
83.2917 0
71.4929 0
73.3927 0
87.8912 0
54.2946 1
54.3946 1
6.89931 1
5.79942 1
73.6926 0
69.4931 0
35.4965 1
61.1939 0
87.5912 0
51.6948 1
2.29977 1
52.8947 1
21.4979 1
88.1912 0
12.6987 1
22.3978 1
5.59944 1
10.499 1
59.694 1
20.7979 1
66.7933 0
20.9979 1
73.2927 0
23.1977 1
8.89911 1
20.9979 1
18.2982 1
2.19978 1
2.49975 1
6.9993 1
5.29947 1
61.9938 0
66.5933 0
12.1988 1
67.8932 0
50.295 1
81.7918 0
13.3987 1
21.4979 1
84.5915 0
65.0935 0
23.8976 1
47.4953 1
1.79982 1
27.2973 1
65.3935 0
29.4971 1
32.8967 1
75.8924 0
4.39956 1
58.8941 1
52.6947 1
25.3975 1
42.1958 1
81.0919 0
39.596 1
63.2937 0
9.49905 1
46.9953 1
70.9929 0
21.6978 1
52.3948 1
43.0957 1
88.2912 0
64.5935 0
20.9979 1
53.7946 1
61.5938 0
39.596 1
75.2925 0
61.3939 0
19.998 1
14.3986 1
24.0976 1
21.7978 1
41.6958 1
89.4911 0
56.4944 1
79.892 0
80.5919 0
60.8939 0
48.7951 1
43.2957 1
1.59984 1
6.29937 1
34.4966 1
41.1959 1
69.593 0
49.1951 1
88.1912 0
50.5949 1
70.8929 0
55.7944 1
8.89911 1
74.3926 0
30.497 1
29.897 1
38.1962 1
7.29927 1
74.7925 0
28.6971 1
73.9926 0
4.79952 1
43.1957 1
13.2987 1
31.7968 1
0.09999 1
18.0982 1
88.3912 0
85.1915 0
8.69913 1
59.2941 1
44.0956 1
57.2943 1
66.0934 0
50.395 1
6.9993 1
17.2983 1
35.1965 1
56.1944 1
20.7979 1
0.9999 1
42.2958 1
76.5923 0
9.999 1
26.6973 1
22.2978 1
45.0955 1
64.8935 0
34.8965 1
29.897 1
8.79912 1
18.8981 1
39.896 1
51.9948 1
37.3963 1
71.7928 0
57.3943 1
55.4945 1
75.3925 0
52.5947 1
64.2936 0
49.895 1
11.8988 1
36.7963 1
26.0974 1
62.2938 0
43.7956 1
48.5951 1
12.6987 1
9.999 1
69.3931 0
13.7986 1
57.4943 1
56.0944 1
28.9971 1
84.1916 0
83.5916 0
79.2921 0
64.2936 0
28.4972 1
19.2981 1
73.0927 0
52.5947 1
64.3936 0
40.396 1
0.09999 1
51.3949 1
7.79922 1
55.5944 1
36.7963 1
65.5934 0
35.0965 1
1.9998 1
77.5922 0
71.8928 0
33.2967 1
55.0945 1
25.6974 1
81.8918 0
67.8932 0
35.6964 1
61.3939 0
86.8913 0
8.39916 1
32.6967 1
31.0969 1
2.59974 1
26.2974 1
20.398 1
72.0928 0
54.8945 1
44.8955 1
55.2945 1
17.4983 1
19.3981 1
10.8989 1
22.7977 1
70.7929 0
23.8976 1
78.4922 0
22.8977 1
89.4911 0
23.5976 1
30.097 1
