31.7968 1
154.085 0
141.186 0
9.39906 1
19.998 1
60.094 0
58.9941 1
116.188 0
50.395 1
157.284 0
147.585 0
151.385 0
75.2925 0
120.288 0
99.89 0
18.5981 1
52.6947 1
27.1973 1
169.683 0
177.582 0
172.283 0
111.689 0
168.083 0
30.297 1
86.7913 0
12.9987 1
33.6966 1
160.784 0
114.889 0
145.785 0
81.8918 0
61.8938 0
119.888 0
138.386 0
71.3929 0
139.986 0
113.689 0
45.5954 1
171.383 0
164.084 0
118.088 0
138.986 0
50.7949 1
108.589 0
174.483 0
150.685 0
127.187 0
47.1953 1
177.882 0
116.988 0
44.7955 1
85.3915 0
48.6951 1
128.187 0
115.688 0
50.6949 1
141.186 0
64.5935 0
31.4969 1
171.283 0
30.497 1
113.489 0
53.1947 1
150.385 0
167.083 0
39.796 1
25.5974 1
100.79 0
85.3915 0
16.9983 1
0.09999 1
23.4977 1
71.1929 0
50.8949 1
47.3953 1
65.6934 0
21.5978 1
174.583 0
28.1972 1
114.689 0
111.589 0
168.183 0
20.098 1
75.5924 0
116.388 0
50.9949 1
126.287 0
172.783 0
115.688 0
157.884 0
164.084 0
146.185 0
6.59934 1
37.3963 1
31.7968 1
88.8911 0
77.1923 0
57.4943 1
104.89 0
77.8922 0
169.683 0
104.99 0
16.5983 1
60.9939 0
71.1929 0
63.9936 0
41.8958 1
92.7907 0
153.885 0
165.283 0
122.788 0
85.4915 0
153.585 0
58.0942 1
76.2924 0
89.991 0
109.189 0
22.6977 1
178.082 0
44.8955 1
95.7904 0
162.184 0
106.289 0
17.5982 1
114.789 0
138.086 0
21.6978 1
107.289 0
110.789 0
126.587 0
100.39 0
15.7984 1
146.785 0
116.988 0
76.7923 0
37.9962 1
96.2904 0
33.8966 1
46.0954 1
70.193 0
19.2981 1
168.883 0
70.8929 0
172.883 0
46.9953 1
147.285 0
178.082 0
156.184 0
85.1915 0
176.182 0
116.288 0
96.1904 0
73.6926 0
42.5957 1
28.9971 1
103.69 0
95.9904 0
50.6949 1
30.9969 1
121.988 0
177.282 0
131.387 0
137.786 0
144.086 0
163.684 0
129.787 0
2.19978 1
79.992 0
163.784 0
143.486 0
65.3935 0
98.2902 0
132.387 0
136.286 0
6.39936 1
94.5905 0
103.59 0
4.49955 1
166.083 0
103.99 0
95.9904 0
102.39 0
20.198 1
84.8915 0
60.294 0
49.1951 1
8.59914 1
71.4929 0
99.89 0
134.887 0
13.4987 1
12.3988 1
1.49985 1
66.5933 0
156.584 0
80.392 0
16.3984 1
73.9926 0
75.5924 0
95.3905 0
37.4963 1
140.986 0
108.889 0
85.0915 0
97.3903 0
115.288 0
179.682 0
116.188 0
119.888 0
165.783 0
40.296 1
131.087 0
3.49965 1
155.684 0
131.187 0
158.984 0
24.9975 1
54.9945 1
50.495 1
40.096 1
9.89901 1
159.184 0
52.5947 1
106.689 0
140.986 0
124.388 0
7.09929 1
157.484 0
18.3982 1
177.982 0
168.083 0
151.085 0
138.986 0
97.0903 0
56.1944 1
151.585 0
32.3968 1
151.085 0
87.8912 0
67.4933 0
52.1948 1
43.3957 1
113.789 0
55.6944 1
19.0981 1
64.9935 0
129.887 0
44.0956 1
120.088 0
95.5904 0
84.2916 0
45.1955 1
74.7925 0
52.0948 1
67.0933 0
35.8964 1
176.482 0
169.483 0
108.589 0
110.089 0
167.483 0
11.8988 1
81.1919 0
126.487 0
108.989 0
52.5947 1
98.1902 0
56.6943 1
118.888 0
101.29 0
39.3961 1
171.083 0
144.686 0
153.285 0
141.986 0
163.784 0
133.487 0
91.8908 0
123.188 0
73.5926 0
7.49925 1
27.4973 1
34.0966 1
177.582 0
79.592 0
101.19 0
128.687 0
171.283 0
90.6909 0
57.2943 1
101.39 0
78.1922 0
69.1931 0
2.59974 1
119.988 0
93.4907 0
150.385 0
133.387 0
150.185 0
89.2911 0
54.6945 1
9.59904 1
80.492 0
19.3981 1
78.0922 0
137.686 0
3.19968 1
31.6968 1
49.695 1
126.387 0
20.498 1
152.385 0
69.0931 0
54.5945 1
65.1935 0
63.8936 0
155.884 0
13.8986 1
55.1945 1
161.784 0
71.1929 0
156.584 0
155.284 0
55.6944 1
74.3926 0
95.2905 0
64.3936 0
44.7955 1
48.6951 1
129.787 0
49.3951 1
18.5981 1
139.386 0
129.887 0
37.9962 1
132.787 0
87.5912 0
136.386 0
164.484 0
52.4948 1
178.082 0
4.9995 1
120.188 0
162.384 0
154.885 0
5.39946 1
141.586 0
45.9954 1
19.3981 1
16.7983 1
27.7972 1
5.79942 1
88.6911 0
98.2902 0
61.4939 0
78.2922 0
108.789 0
41.0959 1
38.3962 1
157.484 0
170.883 0
87.7912 0
91.2909 0
45.5954 1
37.6962 1
44.4956 1
178.382 0
40.496 1
0.9999 1
78.0922 0
8.29917 1
94.2906 0
178.282 0
128.487 0
171.883 0
153.185 0
133.887 0
133.487 0
19.1981 1
68.4932 0
65.5934 0
142.286 0
74.3926 0
154.285 0
60.5939 0
51.0949 1
147.785 0
169.483 0
92.2908 0
6.19938 1
62.1938 0
83.1917 0
93.9906 0
153.585 0
128.787 0
46.8953 1
18.0982 1
42.3958 1
2.69973 1
114.289 0
120.488 0
10.9989 1
123.788 0
118.888 0
54.6945 1
115.788 0
92.0908 0
8.59914 1
69.2931 0
26.5973 1
172.383 0
134.887 0
168.883 0
66.7933 0
24.3976 1
144.686 0
33.0967 1
87.4913 0
134.187 0
125.387 0
93.6906 0
111.689 0
123.888 0
102.99 0
0.49995 1
167.883 0
149.885 0
18.5981 1
30.397 1
152.585 0
48.1952 1
66.0934 0
78.7921 0
171.983 0
4.9995 1
133.487 0
22.9977 1
12.3988 1
57.3943 1
92.3908 0
38.9961 1
49.795 1
142.486 0
123.088 0
31.7968 1
82.1918 0
2.9997 1
64.8935 0
169.683 0
52.4948 1
105.589 0
83.3917 0
164.184 0
144.686 0
6.39936 1
164.684 0
132.587 0
71.5928 0
98.4902 0
78.1922 0
139.386 0
61.8938 0
144.386 0
38.2962 1
149.185 0
149.385 0
86.9913 0
172.183 0
76.9923 0
144.386 0
84.5915 0
115.988 0
14.1986 1
142.386 0
154.285 0
141.186 0
44.5955 1
157.384 0
26.1974 1
34.2966 1
29.897 1
131.787 0
32.8967 1
109.289 0
96.4904 0
134.587 0
9.19908 1
144.286 0
26.1974 1
22.8977 1
42.5957 1
80.7919 0
84.8915 0
6.9993 1
119.088 0
54.0946 1
71.5928 0
26.1974 1
46.2954 1
148.685 0
85.7914 0
46.1954 1
179.882 0
100.09 0
8.59914 1
69.4931 0
61.2939 0
53.1947 1
46.8953 1
2.69973 1
87.4913 0
171.983 0
49.695 1
35.5964 1
16.4984 1
61.3939 0
170.183 0
25.6974 1
25.7974 1
111.589 0
48.5951 1
163.584 0
12.4988 1
48.6951 1
85.7914 0
46.7953 1
102.79 0
157.384 0
72.9927 0
64.3936 0
126.087 0
158.884 0
110.589 0
41.2959 1
174.183 0
119.188 0
110.789 0
150.685 0
87.5912 0
72.8927 0
68.6931 0
90.291 0
160.084 0
118.388 0
125.887 0
176.582 0
95.0905 0
116.188 0
117.488 0
120.888 0
142.986 0
81.2919 0
19.698 1
155.484 0
130.087 0
105.489 0
22.3978 1
148.085 0
82.8917 0
10.5989 1
32.4968 1
124.288 0
84.6915 0
143.086 0
165.583 0
174.083 0
177.482 0
96.3904 0
60.094 0
85.0915 0
84.4916 0
128.787 0
90.5909 0
64.5935 0
162.384 0
36.5963 1
61.1939 0
77.4923 0
67.9932 0
93.8906 0
113.589 0
30.9969 1
175.182 0
133.287 0
101.79 0
125.287 0
153.985 0
124.188 0
8.69913 1
56.9943 1
49.995 1
41.1959 1
96.4904 0
134.787 0
99.59 0
177.282 0
128.887 0
12.2988 1
8.89911 1
104.19 0
12.6987 1
93.3907 0
52.9947 1
103.29 0
157.984 0
130.687 0
139.886 0
134.387 0
28.1972 1
27.8972 1
48.2952 1
57.0943 1
154.185 0
43.4957 1
105.589 0
75.9924 0
84.0916 0
79.692 0
115.388 0
92.7907 0
51.8948 1
165.383 0
49.1951 1
63.5936 0
35.3965 1
148.785 0
60.8939 0
79.592 0
161.184 0
69.793 0
3.79962 1
173.883 0
163.184 0
152.085 0
12.3988 1
56.3944 1
102.79 0
152.385 0
10.7989 1
46.1954 1
95.4905 0
59.0941 1
103.29 0
164.884 0
17.7982 1
124.188 0
60.8939 0
101.89 0
23.8976 1
91.4909 0
109.889 0
170.983 0
76.9923 0
159.184 0
54.5945 1
112.389 0
43.1957 1
30.6969 1
11.9988 1
119.588 0
100.49 0
111.089 0
28.6971 1
178.882 0
83.1917 0
41.1959 1
150.485 0
5.9994 1
13.5986 1
161.284 0
52.1948 1
24.2976 1
135.586 0
70.7929 0
9.29907 1
153.385 0
14.9985 1
165.383 0
170.583 0
134.087 0
76.9923 0
100.49 0
125.087 0
69.1931 0
79.692 0
94.8905 0
96.7903 0
122.988 0
125.587 0
24.0976 1
62.5937 0
141.286 0
135.186 0
91.3909 0
55.3945 1
38.3962 1
132.587 0
25.8974 1
44.3956 1
61.3939 0
102.39 0
11.7988 1
85.6914 0
57.9942 1
82.5917 0
10.199 1
126.587 0
97.5902 0
175.682 0
117.188 0
146.885 0
167.883 0
37.7962 1
7.19928 1
57.0943 1
117.488 0
102.09 0
69.0931 0
155.684 0
142.886 0
93.1907 0
133.587 0
19.3981 1
48.3952 1
140.186 0
169.983 0
86.7913 0
7.9992 1
15.8984 1
46.3954 1
69.3931 0
33.4967 1
58.2942 1
70.293 0
91.4909 0
140.886 0
175.782 0
38.1962 1
153.785 0
171.483 0
70.5929 0
120.688 0
74.5925 0
108.389 0
43.1957 1
46.8953 1
141.186 0
60.494 0
115.988 0
32.0968 1
23.4977 1
29.2971 1
165.683 0
138.086 0
172.883 0
125.887 0
128.187 0
79.792 0
133.887 0
59.2941 1
126.187 0
118.488 0
92.8907 0
99.69 0
104.09 0
99.59 0
155.884 0
99.89 0
52.9947 1
129.687 0
6.59934 1
123.688 0
165.583 0
81.1919 0
52.0948 1
28.7971 1
43.2957 1
108.489 0
89.3911 0
159.284 0
140.686 0
28.0972 1
103.79 0
126.387 0
81.3919 0
96.7903 0
167.583 0
29.597 1
176.582 0
36.6963 1
4.19958 1
37.9962 1
70.493 0
97.0903 0
52.9947 1
89.791 0
111.889 0
28.8971 1
9.69903 1
164.984 0
158.584 0
111.489 0
108.689 0
59.3941 1
107.889 0
75.9924 0
3.49965 1
151.185 0
4.59954 1
8.09919 1
45.6954 1
145.285 0
131.387 0
149.585 0
6.89931 1
32.7967 1
66.3934 0
89.691 0
157.684 0
158.184 0
41.6958 1
161.884 0
111.389 0
112.189 0
174.183 0
164.384 0
21.9978 1
106.089 0
13.2987 1
126.887 0
91.0909 0
87.0913 0
58.3942 1
19.798 1
146.585 0
166.283 0
11.0989 1
65.2935 0
52.6947 1
15.6984 1
73.3927 0
98.3902 0
76.1924 0
24.7975 1
67.9932 0
83.0917 0
152.785 0
49.595 1
88.0912 0
130.487 0
122.988 0
129.787 0
112.389 0
54.4946 1
157.184 0
21.7978 1
38.8961 1
94.3906 0
127.987 0
147.485 0
41.2959 1
39.0961 1
54.5945 1
14.8985 1
154.185 0
116.388 0
96.3904 0
165.283 0
96.8903 0
64.2936 0
96.1904 0
170.283 0
162.684 0
172.383 0
110.289 0
145.985 0
170.683 0
83.1917 0
110.789 0
78.7921 0
128.887 0
53.8946 1
123.788 0
61.3939 0
108.389 0
100.99 0
83.1917 0
62.4938 0
110.589 0
126.387 0
29.997 1
67.0933 0
80.7919 0
179.882 0
81.9918 0
150.185 0
31.4969 1
93.5906 0
135.486 0
128.487 0
157.884 0
146.885 0
118.788 0
55.8944 1
139.286 0
144.386 0
21.8978 1
129.987 0
142.786 0
47.8952 1
124.088 0
91.6908 0
101.79 0
67.8932 0
68.2932 0
30.197 1
84.1916 0
151.585 0
92.7907 0
14.7985 1
13.1987 1
37.9962 1
177.182 0
93.9906 0
37.8962 1
174.383 0
64.1936 0
69.4931 0
88.0912 0
114.889 0
113.189 0
161.184 0
81.7918 0
147.185 0
132.287 0
41.0959 1
111.589 0
69.3931 0
86.3914 0
74.3926 0
117.388 0
125.687 0
166.183 0
39.1961 1
13.5986 1
54.4946 1
69.4931 0
12.9987 1
121.288 0
77.4923 0
123.088 0
49.795 1
30.6969 1
120.288 0
143.786 0
68.6931 0
114.689 0
123.288 0
53.3947 1
117.988 0
58.1942 1
166.583 0
14.4986 1
55.2945 1
133.787 0
146.785 0
11.5988 1
160.684 0
36.2964 1
97.9902 0
150.285 0
153.685 0
43.6956 1
136.486 0
108.089 0
152.585 0
106.289 0
177.582 0
80.7919 0
142.786 0
170.283 0
23.8976 1
107.789 0
21.0979 1
59.3941 1
71.6928 0
4.9995 1
174.183 0
14.9985 1
153.585 0
27.3973 1
168.383 0
55.3945 1
137.086 0
43.6956 1
104.39 0
103.99 0
55.3945 1
85.0915 0
